47
0.0 0.0
100.0 0.0
0.0 100.0
100.0 100.0
0.0 75.0
0.0 50.0
0.0 25.0
80.0 80.0
60.0 60.0
40.0 40.0
20.0 20.0
75.0 0.0
50.0 0.0
25.0 0.0
75.0 100.0
50.0 100.0
25.0 100.0
100.0 25.0
100.0 50.0
100.0 75.0
20.0 57.5
20.0 45.0
57.5 20.0
35.0 10.0
12.5 87.5
70.0 20.0
65.0 40.0
87.5 12.5
55.0 80.0
90.0 65.0
80.0 55.0
20.0 70.0
40.0 65.0
87.5 12.5
80.0 42.5
20.0 57.5
10.0 35.0
65.0 90.0
90.0 65.0
12.5 87.5
45.0 20.0
57.5 20.0
42.5 80.0
27.5 83.75
83.75 27.5
27.5 83.75
83.75 27.5
62
28 37 15
37 14 15
21 10 9
10 6 0
32 9 8
28 32 8
9 26 8
7 28 8
28 7 37
7 14 37
14 7 3
21 36 10
36 6 10
6 36 5
36 21 5
10 40 9
23 40 10
40 23 12
13 10 0
13 23 10
23 13 12
35 21 9
32 35 9
35 32 31
21 35 5
35 4 5
4 35 31
4 24 2
24 16 2
24 4 31
32 45 31
45 24 31
24 45 16
16 45 15
27 11 1
17 27 1
11 27 25
7 19 3
19 7 29
19 29 18
22 26 9
40 22 9
26 22 25
22 40 12
11 22 12
22 11 25
42 32 28
42 45 32
42 28 15
45 42 15
29 30 18
30 34 18
30 7 8
7 30 29
26 30 8
34 30 26
46 27 17
46 17 18
34 46 18
27 46 25
46 26 25
46 34 26